"Date","Facebook","Pinterest","Twitter","YouTube","Instagram","Tumblr","reddit","LinkedIn","VKontakte","news.ycombinator.com","Fark","Other"
2020-10,71.85,12.31,8.65,4.47,1.53,0.43,0.36,0.25,0.13,0.02,0.01,0
2020-11,68.72,12.11,11.68,4.22,2.01,0.41,0.38,0.3,0.13,0.02,0.02,0.01
2020-12,68.39,13.61,10.25,4.27,2.25,0.33,0.44,0.29,0.11,0.03,0.02,0.01
2021-01,69.8,11.88,9.54,4.9,2.56,0.36,0.53,0.29,0.11,0.01,0.01,0.01
2021-02,71.92,9.94,8.65,5.06,2.93,0.36,0.57,0.39,0.12,0.03,0.02,0.01
2021-03,72.03,9.63,8.81,5.28,2.94,0.3,0.5,0.33,0.13,0.02,0.02,0.02
2021-04,69.94,8.92,9.58,5.97,3.71,0.48,0.74,0.39,0.2,0.04,0.02,0.02
2021-05,71.51,8.11,8.49,6.18,3.98,0.56,0.59,0.33,0.14,0.03,0.02,0.04
2021-06,71.53,7.31,10.01,5.01,4.28,0.89,0.51,0.3,0.11,0.01,0.03,0.01
2021-07,74.81,6.33,8.84,4.25,3.72,0.99,0.58,0.28,0.12,0.03,0.02,0.02
2021-08,73.27,7.22,8.91,4.72,3.41,1.4,0.58,0.28,0.14,0.01,0.04,0.02
2021-09,72.19,8.15,8.7,4.69,3.99,1.01,0.66,0.36,0.16,0.02,0.03,0.04
2021-10,72.22,8.37,8.77,4.2,4.3,0.73,0.82,0.34,0.16,0.02,0.03,0.04
